-0.176777 0.000000 0.000000 
-0.176777 0.000354 -0.000250 
-0.176776 0.000707 -0.000500 
-0.176774 0.001061 -0.000750 
-0.176771 0.001414 -0.001000 
-0.176767 0.001768 -0.001250 
-0.176762 0.002121 -0.001500 
-0.176756 0.002475 -0.001750 
-0.176749 0.002828 -0.002000 
-0.176741 0.003182 -0.002250 
-0.176732 0.003535 -0.002500 
-0.176722 0.003889 -0.002750 
-0.176711 0.004242 -0.003000 
-0.176699 0.004596 -0.003250 
-0.176686 0.004949 -0.003500 
-0.176672 0.005302 -0.003750 
-0.176657 0.005656 -0.004000 
-0.176641 0.006009 -0.004250 
-0.176624 0.006362 -0.004500 
-0.176606 0.006715 -0.004750 
-0.176587 0.007069 -0.005000 
-0.176567 0.007422 -0.005250 
-0.176546 0.007775 -0.005500 
-0.176524 0.008128 -0.005750 
-0.176501 0.008481 -0.006000 
-0.176477 0.008834 -0.006250 
-0.176452 0.009187 -0.006500 
-0.176426 0.009540 -0.006750 
-0.176399 0.009893 -0.007000 
-0.176371 0.010245 -0.007250 
-0.176342 0.010598 -0.007500 
-0.176312 0.010951 -0.007750 
-0.176281 0.011303 -0.008000 
-0.176249 0.011656 -0.008250 
-0.176216 0.012008 -0.008500 
-0.176182 0.012360 -0.008750 
-0.176147 0.012713 -0.009000 
-0.176111 0.013065 -0.009250 
-0.176074 0.013417 -0.009500 
-0.176036 0.013769 -0.009750 
-0.175997 0.014121 -0.010000 
-0.175957 0.014473 -0.010250 
-0.175916 0.014825 -0.010500 
-0.175874 0.015177 -0.010750 
-0.175831 0.015528 -0.011000 
-0.175787 0.015880 -0.011250 
-0.175742 0.016231 -0.011500 
-0.175697 0.016583 -0.011750 
-0.175650 0.016934 -0.012000 
-0.175602 0.017285 -0.012250 
-0.175553 0.017636 -0.012500 
-0.175503 0.017987 -0.012750 
-0.175452 0.018338 -0.013000 
-0.175400 0.018689 -0.013250 
-0.175347 0.019039 -0.013500 
-0.175293 0.019390 -0.013750 
-0.175238 0.019740 -0.014000 
-0.175183 0.020090 -0.014250 
-0.175126 0.020441 -0.014500 
-0.175068 0.020791 -0.014750 
-0.175009 0.021141 -0.015000 
-0.174949 0.021490 -0.015250 
-0.174888 0.021840 -0.015500 
-0.174826 0.022190 -0.015750 
-0.174764 0.022539 -0.016000 
-0.174700 0.022888 -0.016250 
-0.174635 0.023237 -0.016500 
-0.174569 0.023586 -0.016750 
-0.174502 0.023935 -0.017000 
-0.174435 0.024284 -0.017250 
-0.174366 0.024633 -0.017500 
-0.174296 0.024981 -0.017750 
-0.174225 0.025329 -0.018000 
-0.174154 0.025677 -0.018250 
-0.174081 0.026025 -0.018500 
-0.174007 0.026373 -0.018750 
-0.173933 0.026721 -0.019000 
-0.173857 0.027068 -0.019250 
-0.173780 0.027416 -0.019500 
-0.173703 0.027763 -0.019750 
-0.173624 0.028110 -0.020000 
-0.173544 0.028457 -0.020250 
-0.173464 0.028803 -0.020500 
-0.173382 0.029150 -0.020750 
-0.173300 0.029496 -0.021000 
-0.173216 0.029842 -0.021250 
-0.173132 0.030188 -0.021500 
-0.173046 0.030534 -0.021750 
-0.172959 0.030880 -0.022000 
-0.172872 0.031225 -0.022250 
-0.172783 0.031571 -0.022500 
-0.172694 0.031916 -0.022750 
-0.172604 0.032261 -0.023000 
-0.172512 0.032605 -0.023250 
-0.172420 0.032950 -0.023500 
-0.172326 0.033294 -0.023750 
-0.172232 0.033638 -0.024000 
-0.172137 0.033982 -0.024250 
-0.172040 0.034326 -0.024500 
-0.171943 0.034669 -0.024750 
-0.171845 0.035012 -0.025000 
-0.171745 0.035356 -0.025250 
-0.171645 0.035698 -0.025500 
-0.171544 0.036041 -0.025750 
-0.171442 0.036384 -0.026000 
-0.171339 0.036726 -0.026250 
-0.171235 0.037068 -0.026500 
-0.171129 0.037410 -0.026750 
-0.171023 0.037751 -0.027000 
-0.170916 0.038092 -0.027250 
-0.170808 0.038433 -0.027500 
-0.170699 0.038774 -0.027750 
-0.170589 0.039115 -0.028000 
-0.170478 0.039455 -0.028250 
-0.170366 0.039796 -0.028500 
-0.170253 0.040136 -0.028750 
-0.170140 0.040475 -0.029000 
-0.170025 0.040815 -0.029250 
-0.169909 0.041154 -0.029500 
-0.169792 0.041493 -0.029750 
-0.169674 0.041832 -0.030000 
-0.169556 0.042170 -0.030250 
-0.169436 0.042508 -0.030500 
-0.169315 0.042846 -0.030750 
-0.169194 0.043184 -0.031000 
-0.169071 0.043521 -0.031250 
-0.168948 0.043858 -0.031500 
-0.168823 0.044195 -0.031750 
-0.168698 0.044532 -0.032000 
-0.168571 0.044868 -0.032250 
-0.168444 0.045205 -0.032500 
-0.168315 0.045540 -0.032750 
-0.168186 0.045876 -0.033000 
-0.168056 0.046211 -0.033250 
-0.167924 0.046546 -0.033500 
-0.167792 0.046881 -0.033750 
-0.167659 0.047216 -0.034000 
-0.167525 0.047550 -0.034250 
-0.167390 0.047884 -0.034500 
-0.167254 0.048217 -0.034750 
-0.167117 0.048551 -0.035000 
-0.166979 0.048884 -0.035250 
-0.166840 0.049216 -0.035500 
-0.166700 0.049549 -0.035750 
-0.166559 0.049881 -0.036000 
-0.166417 0.050213 -0.036250 
-0.166275 0.050544 -0.036500 
-0.166131 0.050875 -0.036750 
-0.165986 0.051206 -0.037000 
-0.165841 0.051537 -0.037250 
-0.165694 0.051867 -0.037500 
-0.165547 0.052197 -0.037750 
-0.165398 0.052527 -0.038000 
-0.165249 0.052856 -0.038250 
-0.165098 0.053185 -0.038500 
-0.164947 0.053514 -0.038750 
-0.164795 0.053843 -0.039000 
-0.164642 0.054171 -0.039250 
-0.164488 0.054499 -0.039500 
-0.164333 0.054826 -0.039750 
-0.164176 0.055153 -0.040000 
-0.164020 0.055480 -0.040250 
-0.163862 0.055806 -0.040500 
-0.163703 0.056132 -0.040750 
-0.163543 0.056458 -0.041000 
-0.163382 0.056784 -0.041250 
-0.163221 0.057109 -0.041500 
-0.163058 0.057433 -0.041750 
-0.162894 0.057758 -0.042000 
-0.162730 0.058082 -0.042250 
-0.162565 0.058406 -0.042500 
-0.162398 0.058729 -0.042750 
-0.162231 0.059052 -0.043000 
-0.162063 0.059375 -0.043250 
-0.161893 0.059697 -0.043500 
-0.161723 0.060019 -0.043750 
-0.161552 0.060340 -0.044000 
-0.161380 0.060662 -0.044250 
-0.161207 0.060982 -0.044500 
-0.161034 0.061303 -0.044750 
-0.160859 0.061623 -0.045000 
-0.160683 0.061943 -0.045250 
-0.160507 0.062262 -0.045500 
-0.160329 0.062581 -0.045750 
-0.160151 0.062900 -0.046000 
-0.159971 0.063218 -0.046250 
-0.159791 0.063536 -0.046500 
-0.159610 0.063853 -0.046750 
-0.159428 0.064170 -0.047000 
-0.159244 0.064487 -0.047250 
-0.159060 0.064803 -0.047500 
-0.158876 0.065119 -0.047750 
-0.158690 0.065435 -0.048000 
-0.158503 0.065750 -0.048250 
-0.158315 0.066065 -0.048500 
-0.158127 0.066379 -0.048750 
-0.157937 0.066693 -0.049000 
-0.157747 0.067006 -0.049250 
-0.157555 0.067320 -0.049500 
-0.157363 0.067632 -0.049750 
-0.157170 0.067945 -0.050000 
-0.156976 0.068256 -0.050250 
-0.156781 0.068568 -0.050500 
-0.156585 0.068879 -0.050750 
-0.156388 0.069190 -0.051000 
-0.156191 0.069500 -0.051250 
-0.155992 0.069810 -0.051500 
-0.155792 0.070119 -0.051750 
-0.155592 0.070428 -0.052000 
-0.155391 0.070737 -0.052250 
-0.155188 0.071045 -0.052500 
-0.154985 0.071352 -0.052750 
-0.154781 0.071660 -0.053000 
-0.154576 0.071966 -0.053250 
-0.154370 0.072273 -0.053500 
-0.154164 0.072579 -0.053750 
-0.153956 0.072884 -0.054000 
-0.153747 0.073189 -0.054250 
-0.153538 0.073494 -0.054500 
-0.153328 0.073798 -0.054750 
-0.153116 0.074102 -0.055000 
-0.152904 0.074405 -0.055250 
-0.152691 0.074708 -0.055500 
-0.152477 0.075010 -0.055750 
-0.152263 0.075312 -0.056000 
-0.152047 0.075614 -0.056250 
-0.151830 0.075915 -0.056500 
-0.151613 0.076215 -0.056750 
-0.151394 0.076515 -0.057000 
-0.151175 0.076815 -0.057250 
-0.150955 0.077114 -0.057500 
-0.150734 0.077413 -0.057750 
-0.150512 0.077711 -0.058000 
-0.150289 0.078009 -0.058250 
-0.150066 0.078306 -0.058500 
-0.149841 0.078603 -0.058750 
-0.149616 0.078899 -0.059000 
-0.149389 0.079195 -0.059250 
-0.149162 0.079491 -0.059500 
-0.148934 0.079785 -0.059750 
-0.148705 0.080080 -0.060000 
-0.148476 0.080374 -0.060250 
-0.148245 0.080667 -0.060500 
-0.148013 0.080960 -0.060750 
-0.147781 0.081253 -0.061000 
-0.147548 0.081544 -0.061250 
-0.147313 0.081836 -0.061500 
-0.147078 0.082127 -0.061750 
-0.146843 0.082417 -0.062000 
-0.146606 0.082707 -0.062250 
-0.146368 0.082997 -0.062500 
-0.146130 0.083286 -0.062750 
-0.145890 0.083574 -0.063000 
-0.145650 0.083862 -0.063250 
-0.145409 0.084149 -0.063500 
-0.145167 0.084436 -0.063750 
-0.144924 0.084723 -0.064000 
-0.144681 0.085009 -0.064250 
-0.144436 0.085294 -0.064500 
-0.144191 0.085579 -0.064750 
-0.143945 0.085863 -0.065000 
-0.143698 0.086147 -0.065250 
-0.143450 0.086430 -0.065500 
-0.143201 0.086713 -0.065750 
-0.142952 0.086995 -0.066000 
-0.142701 0.087277 -0.066250 
-0.142450 0.087558 -0.066500 
-0.142198 0.087839 -0.066750 
-0.141945 0.088119 -0.067000 
-0.141691 0.088398 -0.067250 
-0.141436 0.088677 -0.067500 
-0.141181 0.088956 -0.067750 
-0.140924 0.089234 -0.068000 
-0.140667 0.089511 -0.068250 
-0.140409 0.089788 -0.068500 
-0.140150 0.090064 -0.068750 
-0.139891 0.090340 -0.069000 
-0.139630 0.090615 -0.069250 
-0.139369 0.090890 -0.069500 
-0.139106 0.091164 -0.069750 
-0.138843 0.091437 -0.070000 
-0.138580 0.091710 -0.070250 
-0.138315 0.091983 -0.070500 
-0.138049 0.092255 -0.070750 
-0.137783 0.092526 -0.071000 
-0.137516 0.092797 -0.071250 
-0.137248 0.093067 -0.071500 
-0.136979 0.093336 -0.071750 
-0.136709 0.093605 -0.072000 
-0.136439 0.093874 -0.072250 
-0.136168 0.094142 -0.072500 
-0.135896 0.094409 -0.072750 
-0.135623 0.094676 -0.073000 
-0.135349 0.094942 -0.073250 
-0.135075 0.095207 -0.073500 
-0.134799 0.095472 -0.073750 
-0.134523 0.095737 -0.074000 
-0.134246 0.096000 -0.074250 
-0.133968 0.096264 -0.074500 
-0.133690 0.096526 -0.074750 
-0.133410 0.096788 -0.075000 
-0.133130 0.097050 -0.075250 
-0.132849 0.097310 -0.075500 
-0.132567 0.097571 -0.075750 
-0.132285 0.097830 -0.076000 
-0.132001 0.098089 -0.076250 
-0.131717 0.098348 -0.076500 
-0.131432 0.098606 -0.076750 
-0.131146 0.098863 -0.077000 
-0.130860 0.099119 -0.077250 
-0.130573 0.099375 -0.077500 
-0.130284 0.099631 -0.077750 
-0.129995 0.099886 -0.078000 
-0.129706 0.100140 -0.078250 
-0.129415 0.100393 -0.078500 
-0.129124 0.100646 -0.078750 
-0.128832 0.100899 -0.079000 
-0.128539 0.101150 -0.079250 
-0.128245 0.101401 -0.079500 
-0.127951 0.101652 -0.079750 
-0.127655 0.101902 -0.080000 
-0.127359 0.102151 -0.080250 
-0.127063 0.102399 -0.080500 
-0.126765 0.102647 -0.080750 
-0.126467 0.102895 -0.081000 
-0.126168 0.103141 -0.081250 
-0.125868 0.103387 -0.081500 
-0.125567 0.103633 -0.081750 
-0.125266 0.103877 -0.082000 
-0.124963 0.104122 -0.082250 
-0.124660 0.104365 -0.082500 
-0.124357 0.104608 -0.082750 
-0.124052 0.104850 -0.083000 
-0.123747 0.105092 -0.083250 
-0.123441 0.105333 -0.083500 
-0.123134 0.105573 -0.083750 
-0.122827 0.105812 -0.084000 
-0.122518 0.106051 -0.084250 
-0.122209 0.106290 -0.084500 
-0.121900 0.106527 -0.084750 
-0.121589 0.106764 -0.085000 
-0.121278 0.107000 -0.085250 
-0.120966 0.107236 -0.085500 
-0.120653 0.107471 -0.085750 
-0.120339 0.107705 -0.086000 
-0.120025 0.107939 -0.086250 
-0.119710 0.108172 -0.086500 
-0.119394 0.108404 -0.086750 
-0.119078 0.108636 -0.087000 
-0.118760 0.108867 -0.087250 
-0.118442 0.109097 -0.087500 
-0.118124 0.109327 -0.087750 
-0.117804 0.109556 -0.088000 
-0.117484 0.109784 -0.088250 
-0.117163 0.110012 -0.088500 
-0.116841 0.110239 -0.088750 
-0.116519 0.110465 -0.089000 
-0.116196 0.110690 -0.089250 
-0.115872 0.110915 -0.089500 
-0.115547 0.111139 -0.089750 
-0.115222 0.111363 -0.090000 
-0.114896 0.111586 -0.090250 
-0.114569 0.111808 -0.090500 
-0.114242 0.112029 -0.090750 
-0.113913 0.112250 -0.091000 
-0.113585 0.112470 -0.091250 
-0.113255 0.112689 -0.091500 
-0.112925 0.112908 -0.091750 
-0.112593 0.113126 -0.092000 
-0.112262 0.113343 -0.092250 
-0.111929 0.113559 -0.092500 
-0.111596 0.113775 -0.092750 
-0.111262 0.113990 -0.093000 
-0.110928 0.114205 -0.093250 
-0.110592 0.114418 -0.093500 
-0.110256 0.114631 -0.093750 
-0.109920 0.114844 -0.094000 
-0.109582 0.115055 -0.094250 
-0.109244 0.115266 -0.094500 
-0.108905 0.115476 -0.094750 
-0.108566 0.115685 -0.095000 
-0.108226 0.115894 -0.095250 
-0.107885 0.116102 -0.095500 
-0.107543 0.116309 -0.095750 
-0.107201 0.116516 -0.096000 
-0.106858 0.116721 -0.096250 
-0.106514 0.116926 -0.096500 
-0.106170 0.117131 -0.096750 
-0.105825 0.117334 -0.097000 
-0.105479 0.117537 -0.097250 
-0.105133 0.117739 -0.097500 
-0.104786 0.117940 -0.097750 
-0.104438 0.118141 -0.098000 
-0.104090 0.118341 -0.098250 
-0.103741 0.118540 -0.098500 
-0.103391 0.118739 -0.098750 
-0.103041 0.118936 -0.099000 
-0.102690 0.119133 -0.099250 
-0.102338 0.119329 -0.099500 
-0.101986 0.119525 -0.099750 
-0.101633 0.119719 -0.100000 
-0.101279 0.119913 -0.100250 
-0.100924 0.120106 -0.100500 
-0.100569 0.120299 -0.100750 
-0.100214 0.120491 -0.101000 
-0.099857 0.120681 -0.101250 
-0.099500 0.120872 -0.101500 
-0.099143 0.121061 -0.101750 
-0.098784 0.121250 -0.102000 
-0.098425 0.121437 -0.102250 
-0.098066 0.121625 -0.102500 
-0.097706 0.121811 -0.102750 
-0.097345 0.121997 -0.103000 
-0.096983 0.122181 -0.103250 
-0.096621 0.122365 -0.103500 
-0.096258 0.122549 -0.103750 
-0.095895 0.122731 -0.104000 
-0.095531 0.122913 -0.104250 
-0.095166 0.123094 -0.104500 
-0.094801 0.123274 -0.104750 
-0.094435 0.123453 -0.105000 
-0.094068 0.123632 -0.105250 
-0.093701 0.123810 -0.105500 
-0.093333 0.123987 -0.105750 
-0.092965 0.124163 -0.106000 
-0.092595 0.124339 -0.106250 
-0.092226 0.124514 -0.106500 
-0.091855 0.124687 -0.106750 
-0.091484 0.124861 -0.107000 
-0.091113 0.125033 -0.107250 
-0.090741 0.125205 -0.107500 
-0.090368 0.125375 -0.107750 
-0.089994 0.125545 -0.108000 
-0.089620 0.125715 -0.108250 
-0.089246 0.125883 -0.108500 
-0.088870 0.126051 -0.108750 
-0.088495 0.126217 -0.109000 
-0.088118 0.126383 -0.109250 
-0.087741 0.126549 -0.109500 
-0.087363 0.126713 -0.109750 
-0.086985 0.126877 -0.110000 
-0.086606 0.127039 -0.110250 
-0.086227 0.127201 -0.110500 
-0.085847 0.127363 -0.110750 
-0.085466 0.127523 -0.111000 
-0.085085 0.127683 -0.111250 
-0.084703 0.127841 -0.111500 
-0.084321 0.127999 -0.111750 
-0.083938 0.128157 -0.112000 
-0.083554 0.128313 -0.112250 
-0.083170 0.128468 -0.112500 
-0.082786 0.128623 -0.112750 
-0.082400 0.128777 -0.113000 
-0.082015 0.128930 -0.113250 
-0.081628 0.129082 -0.113500 
-0.081241 0.129234 -0.113750 
-0.080854 0.129384 -0.114000 
-0.080465 0.129534 -0.114250 
-0.080077 0.129683 -0.114500 
-0.079687 0.129831 -0.114750 
-0.079298 0.129979 -0.115000 
-0.078907 0.130125 -0.115250 
-0.078516 0.130271 -0.115500 
-0.078125 0.130416 -0.115750 
-0.077733 0.130560 -0.116000 
-0.077340 0.130703 -0.116250 
-0.076947 0.130845 -0.116500 
-0.076553 0.130987 -0.116750 
-0.076159 0.131127 -0.117000 
-0.075764 0.131267 -0.117250 
-0.075369 0.131406 -0.117500 
-0.074973 0.131544 -0.117750 
-0.074576 0.131681 -0.118000 
-0.074180 0.131818 -0.118250 
-0.073782 0.131954 -0.118500 
-0.073384 0.132088 -0.118750 
-0.072985 0.132222 -0.119000 
-0.072586 0.132355 -0.119250 
-0.072187 0.132488 -0.119500 
-0.071786 0.132619 -0.119750 
-0.071386 0.132749 -0.120000 
-0.070984 0.132879 -0.120250 
-0.070583 0.133008 -0.120500 
-0.070180 0.133136 -0.120750 
-0.069778 0.133263 -0.121000 
-0.069374 0.133389 -0.121250 
-0.068971 0.133515 -0.121500 
-0.068566 0.133639 -0.121750 
-0.068161 0.133763 -0.122000 
-0.067756 0.133886 -0.122250 
-0.067350 0.134008 -0.122500 
-0.066944 0.134129 -0.122750 
-0.066537 0.134249 -0.123000 
-0.066129 0.134369 -0.123250 
-0.065722 0.134487 -0.123500 
-0.065313 0.134605 -0.123750 
-0.064904 0.134721 -0.124000 
-0.064495 0.134837 -0.124250 
-0.064085 0.134952 -0.124500 
-0.063675 0.135067 -0.124750 
-0.063264 0.135180 -0.125000 
-0.062852 0.135292 -0.125250 
-0.062441 0.135404 -0.125500 
-0.062028 0.135515 -0.125750 
-0.061615 0.135624 -0.126000 
-0.061202 0.135733 -0.126250 
-0.060788 0.135841 -0.126500 
-0.060374 0.135949 -0.126750 
-0.059959 0.136055 -0.127000 
-0.059544 0.136160 -0.127250 
-0.059129 0.136265 -0.127500 
-0.058712 0.136368 -0.127750 
-0.058296 0.136471 -0.128000 
-0.057879 0.136573 -0.128250 
-0.057461 0.136674 -0.128500 
-0.057043 0.136774 -0.128750 
-0.056625 0.136873 -0.129000 
-0.056206 0.136972 -0.129250 
-0.055786 0.137069 -0.129500 
-0.055367 0.137166 -0.129750 
-0.054946 0.137261 -0.130000 
-0.054526 0.137356 -0.130250 
-0.054104 0.137450 -0.130500 
-0.053683 0.137543 -0.130750 
-0.053261 0.137635 -0.131000 
-0.052838 0.137726 -0.131250 
-0.052415 0.137817 -0.131500 
-0.051992 0.137906 -0.131750 
-0.051568 0.137994 -0.132000 
-0.051144 0.138082 -0.132250 
-0.050719 0.138169 -0.132500 
-0.050294 0.138255 -0.132750 
-0.049868 0.138339 -0.133000 
-0.049442 0.138423 -0.133250 
-0.049016 0.138507 -0.133500 
-0.048589 0.138589 -0.133750 
-0.048162 0.138670 -0.134000 
-0.047734 0.138750 -0.134250 
-0.047306 0.138830 -0.134500 
-0.046878 0.138908 -0.134750 
-0.046449 0.138986 -0.135000 
-0.046019 0.139063 -0.135250 
-0.045590 0.139139 -0.135500 
-0.045159 0.139213 -0.135750 
-0.044729 0.139287 -0.136000 
-0.044298 0.139360 -0.136250 
-0.043866 0.139433 -0.136500 
-0.043435 0.139504 -0.136750 
-0.043002 0.139574 -0.137000 
-0.042570 0.139644 -0.137250 
-0.042137 0.139712 -0.137500 
-0.041704 0.139780 -0.137750 
-0.041270 0.139846 -0.138000 
-0.040836 0.139912 -0.138250 
-0.040401 0.139977 -0.138500 
-0.039966 0.140041 -0.138750 
-0.039531 0.140104 -0.139000 
-0.039095 0.140166 -0.139250 
-0.038659 0.140227 -0.139500 
-0.038223 0.140287 -0.139750 
-0.037786 0.140346 -0.140000 
-0.037349 0.140405 -0.140250 
-0.036911 0.140462 -0.140500 
-0.036473 0.140518 -0.140750 
-0.036035 0.140574 -0.141000 
-0.035596 0.140629 -0.141250 
-0.035157 0.140682 -0.141500 
-0.034718 0.140735 -0.141750 
-0.034278 0.140787 -0.142000 
-0.033838 0.140838 -0.142250 
-0.033397 0.140888 -0.142500 
-0.032957 0.140937 -0.142750 
-0.032515 0.140985 -0.143000 
-0.032074 0.141032 -0.143250 
-0.031632 0.141078 -0.143500 
-0.031190 0.141123 -0.143750 
-0.030747 0.141168 -0.144000 
-0.030304 0.141211 -0.144250 
-0.029861 0.141253 -0.144500 
-0.029418 0.141295 -0.144750 
-0.028974 0.141336 -0.145000 
-0.028529 0.141375 -0.145250 
-0.028085 0.141414 -0.145500 
-0.027640 0.141452 -0.145750 
-0.027195 0.141488 -0.146000 
-0.026749 0.141524 -0.146250 
-0.026303 0.141559 -0.146500 
-0.025857 0.141593 -0.146750 
-0.025410 0.141626 -0.147000 
-0.024964 0.141658 -0.147250 
-0.024516 0.141689 -0.147500 
-0.024069 0.141719 -0.147750 
-0.023621 0.141749 -0.148000 
-0.023173 0.141777 -0.148250 
-0.022725 0.141804 -0.148500 
-0.022276 0.141830 -0.148750 
-0.021827 0.141856 -0.149000 
-0.021378 0.141880 -0.149250 
-0.020928 0.141904 -0.149500 
-0.020478 0.141926 -0.149750 
-0.020028 0.141948 -0.150000 
-0.019577 0.141968 -0.150250 
-0.019127 0.141988 -0.150500 
-0.018675 0.142007 -0.150750 
-0.018224 0.142025 -0.151000 
-0.017772 0.142041 -0.151250 
-0.017320 0.142057 -0.151500 
-0.016868 0.142072 -0.151750 
-0.016416 0.142086 -0.152000 
-0.015963 0.142099 -0.152250 
-0.015510 0.142111 -0.152500 
-0.015057 0.142122 -0.152750 
-0.014603 0.142132 -0.153000 
-0.014149 0.142141 -0.153250 
-0.013695 0.142149 -0.153500 
-0.013241 0.142156 -0.153750 
-0.012786 0.142163 -0.154000 
-0.012331 0.142168 -0.154250 
-0.011876 0.142172 -0.154500 
-0.011420 0.142175 -0.154750 
-0.010965 0.142178 -0.155000 
-0.010509 0.142179 -0.155250 
-0.010053 0.142180 -0.155500 
-0.009596 0.142179 -0.155750 
-0.009139 0.142178 -0.156000 
-0.008682 0.142175 -0.156250 
-0.008225 0.142172 -0.156500 
-0.007768 0.142167 -0.156750 
-0.007310 0.142162 -0.157000 
-0.006852 0.142155 -0.157250 
-0.006394 0.142148 -0.157500 
-0.005936 0.142140 -0.157750 
-0.005477 0.142130 -0.158000 
-0.005018 0.142120 -0.158250 
-0.004559 0.142109 -0.158500 
-0.004100 0.142097 -0.158750 
-0.003641 0.142083 -0.159000 
-0.003181 0.142069 -0.159250 
-0.002721 0.142054 -0.159500 
-0.002261 0.142038 -0.159750 
-0.001800 0.142021 -0.160000 
-0.001340 0.142003 -0.160250 
-0.000879 0.141984 -0.160500 
-0.000418 0.141964 -0.160750 
0.000043 0.141943 -0.161000 
0.000504 0.141921 -0.161250 
0.000966 0.141898 -0.161500 
0.001428 0.141874 -0.161750 
0.001890 0.141849 -0.162000 
0.002352 0.141823 -0.162250 
0.002814 0.141796 -0.162500 
0.003277 0.141768 -0.162750 
0.003740 0.141739 -0.163000 
0.004203 0.141709 -0.163250 
0.004666 0.141679 -0.163500 
0.005129 0.141647 -0.163750 
0.005593 0.141614 -0.164000 
0.006056 0.141580 -0.164250 
0.006520 0.141545 -0.164500 
0.006984 0.141510 -0.164750 
0.007448 0.141473 -0.165000 
0.007913 0.141435 -0.165250 
0.008377 0.141397 -0.165500 
0.008842 0.141357 -0.165750 
0.009307 0.141316 -0.166000 
0.009772 0.141275 -0.166250 
0.010237 0.141232 -0.166500 
0.010702 0.141188 -0.166750 
0.011168 0.141144 -0.167000 
0.011633 0.141098 -0.167250 
0.012099 0.141051 -0.167500 
0.012565 0.141004 -0.167750 
0.013031 0.140955 -0.168000 
0.013497 0.140906 -0.168250 
0.013964 0.140855 -0.168500 
0.014430 0.140804 -0.168750 
0.014897 0.140751 -0.169000 
0.015364 0.140697 -0.169250 
0.015831 0.140643 -0.169500 
0.016298 0.140587 -0.169750 
0.016765 0.140531 -0.170000 
0.017232 0.140473 -0.170250 
0.017700 0.140415 -0.170500 
0.018167 0.140355 -0.170750 
0.018635 0.140295 -0.171000 
0.019103 0.140234 -0.171250 
0.019570 0.140171 -0.171500 
0.020038 0.140108 -0.171750 
0.020507 0.140043 -0.172000 
0.020975 0.139978 -0.172250 
0.021443 0.139911 -0.172500 
0.021912 0.139844 -0.172750 
0.022380 0.139775 -0.173000 
0.022849 0.139706 -0.173250 
0.023318 0.139636 -0.173500 
0.023787 0.139564 -0.173750 
0.024256 0.139492 -0.174000 
0.024725 0.139418 -0.174250 
0.025194 0.139344 -0.174500 
0.025663 0.139269 -0.174750 
0.026132 0.139192 -0.175000 
0.026602 0.139115 -0.175250 
0.027071 0.139036 -0.175500 
0.027541 0.138957 -0.175750 
0.028010 0.138877 -0.176000 
0.028480 0.138795 -0.176250 
0.028950 0.138713 -0.176500 
0.029420 0.138630 -0.176750 
0.029890 0.138545 -0.177000 
0.030360 0.138460 -0.177250 
0.030830 0.138374 -0.177500 
0.031300 0.138286 -0.177750 
0.031770 0.138198 -0.178000 
0.032241 0.138108 -0.178250 
0.032711 0.138018 -0.178500 
0.033181 0.137927 -0.178750 
0.033652 0.137834 -0.179000 
0.034122 0.137741 -0.179250 
0.034593 0.137647 -0.179500 
0.035063 0.137551 -0.179750 
0.035534 0.137455 -0.180000 
0.036005 0.137358 -0.180250 
0.036475 0.137259 -0.180500 
0.036946 0.137160 -0.180750 
0.037417 0.137060 -0.181000 
0.037888 0.136958 -0.181250 
0.038359 0.136856 -0.181500 
0.038830 0.136753 -0.181750 
0.039300 0.136648 -0.182000 
0.039771 0.136543 -0.182250 
0.040242 0.136437 -0.182500 
0.040713 0.136329 -0.182750 
0.041184 0.136221 -0.183000 
0.041655 0.136112 -0.183250 
0.042126 0.136001 -0.183500 
0.042597 0.135890 -0.183750 
0.043069 0.135778 -0.184000 
0.043540 0.135664 -0.184250 
0.044011 0.135550 -0.184500 
0.044482 0.135435 -0.184750 
0.044953 0.135318 -0.185000 
0.045424 0.135201 -0.185250 
0.045895 0.135083 -0.185500 
0.046366 0.134963 -0.185750 
0.046837 0.134843 -0.186000 
0.047308 0.134722 -0.186250 
0.047779 0.134599 -0.186500 
0.048250 0.134476 -0.186750 
0.048721 0.134352 -0.187000 
0.049192 0.134226 -0.187250 
0.049663 0.134100 -0.187500 
0.050134 0.133973 -0.187750 
0.050605 0.133844 -0.188000 
0.051076 0.133715 -0.188250 
0.051547 0.133585 -0.188500 
0.052018 0.133453 -0.188750 
0.052489 0.133321 -0.189000 
0.052960 0.133188 -0.189250 
0.053430 0.133053 -0.189500 
0.053901 0.132918 -0.189750 
0.054372 0.132782 -0.190000 
0.054843 0.132644 -0.190250 
0.055313 0.132506 -0.190500 
0.055784 0.132367 -0.190750 
0.056254 0.132226 -0.191000 
0.056725 0.132085 -0.191250 
0.057195 0.131943 -0.191500 
0.057665 0.131799 -0.191750 
0.058136 0.131655 -0.192000 
0.058606 0.131510 -0.192250 
0.059076 0.131363 -0.192500 
0.059546 0.131216 -0.192750 
0.060016 0.131068 -0.193000 
0.060486 0.130918 -0.193250 
0.060956 0.130768 -0.193500 
0.061426 0.130617 -0.193750 
0.061896 0.130464 -0.194000 
0.062365 0.130311 -0.194250 
0.062835 0.130157 -0.194500 
0.063305 0.130002 -0.194750 
0.063774 0.129845 -0.195000 
0.064243 0.129688 -0.195250 
0.064713 0.129530 -0.195500 
0.065182 0.129370 -0.195750 
0.065651 0.129210 -0.196000 
0.066120 0.129049 -0.196250 
0.066589 0.128887 -0.196500 
0.067058 0.128723 -0.196750 
0.067526 0.128559 -0.197000 
0.067995 0.128394 -0.197250 
0.068464 0.128228 -0.197500 
0.068932 0.128060 -0.197750 
0.069400 0.127892 -0.198000 
0.069868 0.127723 -0.198250 
0.070337 0.127553 -0.198500 
0.070804 0.127381 -0.198750 
0.071272 0.127209 -0.199000 
0.071740 0.127036 -0.199250 
0.072208 0.126862 -0.199500 
0.072675 0.126687 -0.199750 
0.073142 0.126511 -0.200000 
0.073610 0.126333 -0.200250 
0.074077 0.126155 -0.200500 
0.074544 0.125976 -0.200750 
0.075011 0.125796 -0.201000 
0.075477 0.125615 -0.201250 
0.075944 0.125433 -0.201500 
0.076410 0.125249 -0.201750 
0.076877 0.125065 -0.202000 
0.077343 0.124880 -0.202250 
0.077809 0.124694 -0.202500 
0.078275 0.124507 -0.202750 
0.078740 0.124319 -0.203000 
0.079206 0.124130 -0.203250 
0.079671 0.123940 -0.203500 
0.080136 0.123749 -0.203750 
0.080602 0.123557 -0.204000 
0.081066 0.123364 -0.204250 
0.081531 0.123170 -0.204500 
0.081996 0.122975 -0.204750 
0.082460 0.122779 -0.205000 
0.082924 0.122582 -0.205250 
0.083389 0.122384 -0.205500 
0.083852 0.122185 -0.205750 
0.084316 0.121985 -0.206000 
0.084780 0.121784 -0.206250 
0.085243 0.121583 -0.206500 
0.085706 0.121380 -0.206750 
0.086169 0.121176 -0.207000 
0.086632 0.120971 -0.207250 
0.087095 0.120765 -0.207500 
0.087557 0.120558 -0.207750 
0.088020 0.120351 -0.208000 
0.088482 0.120142 -0.208250 
0.088943 0.119932 -0.208500 
0.089405 0.119722 -0.208750 
0.089867 0.119510 -0.209000 
0.090328 0.119297 -0.209250 
0.090789 0.119084 -0.209500 
0.091250 0.118869 -0.209750 
0.091710 0.118653 -0.210000 
0.092171 0.118437 -0.210250 
0.092631 0.118219 -0.210500 
0.093091 0.118001 -0.210750 
0.093551 0.117781 -0.211000 
0.094010 0.117561 -0.211250 
0.094470 0.117339 -0.211500 
0.094929 0.117117 -0.211750 
0.095388 0.116893 -0.212000 
0.095847 0.116669 -0.212250 
0.096305 0.116444 -0.212500 
0.096763 0.116217 -0.212750 
0.097221 0.115990 -0.213000 
0.097679 0.115762 -0.213250 
0.098136 0.115532 -0.213500 
0.098594 0.115302 -0.213750 
0.099051 0.115071 -0.214000 
0.099508 0.114839 -0.214250 
0.099964 0.114606 -0.214500 
0.100420 0.114372 -0.214750 
0.100876 0.114137 -0.215000 
0.101332 0.113901 -0.215250 
0.101788 0.113664 -0.215500 
0.102243 0.113426 -0.215750 
0.102698 0.113187 -0.216000 
0.103153 0.112947 -0.216250 
0.103607 0.112706 -0.216500 
0.104062 0.112464 -0.216750 
0.104516 0.112221 -0.217000 
0.104969 0.111978 -0.217250 
0.105423 0.111733 -0.217500 
0.105876 0.111487 -0.217750 
0.106329 0.111241 -0.218000 
0.106781 0.110993 -0.218250 
0.107234 0.110744 -0.218500 
0.107686 0.110495 -0.218750 
0.108138 0.110244 -0.219000 
0.108589 0.109993 -0.219250 
0.109040 0.109741 -0.219500 
0.109491 0.109487 -0.219750 
0.109942 0.109233 -0.220000 
0.110392 0.108978 -0.220250 
0.110842 0.108721 -0.220500 
0.111292 0.108464 -0.220750 
0.111741 0.108206 -0.221000 
0.112190 0.107947 -0.221250 
0.112639 0.107687 -0.221500 
0.113088 0.107426 -0.221750 
0.113536 0.107164 -0.222000 
0.113984 0.106901 -0.222250 
0.114432 0.106637 -0.222500 
0.114879 0.106372 -0.222750 
0.115326 0.106107 -0.223000 
0.115772 0.105840 -0.223250 
0.116219 0.105572 -0.223500 
0.116665 0.105304 -0.223750 
0.117111 0.105034 -0.224000 
0.117556 0.104764 -0.224250 
0.118001 0.104492 -0.224500 
0.118446 0.104220 -0.224750 
0.118890 0.103947 -0.225000 
0.119334 0.103672 -0.225250 
0.119778 0.103397 -0.225500 
0.120221 0.103121 -0.225750 
0.120664 0.102844 -0.226000 
0.121107 0.102566 -0.226250 
0.121549 0.102287 -0.226500 
0.121991 0.102007 -0.226750 
0.122433 0.101726 -0.227000 
0.122874 0.101445 -0.227250 
0.123315 0.101162 -0.227500 
0.123756 0.100878 -0.227750 
0.124196 0.100594 -0.228000 
0.124636 0.100308 -0.228250 
0.125076 0.100022 -0.228500 
0.125515 0.099734 -0.228750 
0.125953 0.099446 -0.229000 
0.126392 0.099157 -0.229250 
0.126830 0.098867 -0.229500 
0.127268 0.098575 -0.229750 
0.127705 0.098283 -0.230000 
0.128142 0.097990 -0.230250 
0.128579 0.097697 -0.230500 
0.129015 0.097402 -0.230750 
0.129451 0.097106 -0.231000 
0.129886 0.096809 -0.231250 
0.130321 0.096512 -0.231500 
0.130756 0.096213 -0.231750 
0.131190 0.095914 -0.232000 
0.131624 0.095613 -0.232250 
0.132058 0.095312 -0.232500 
0.132491 0.095010 -0.232750 
0.132924 0.094707 -0.233000 
0.133356 0.094403 -0.233250 
0.133788 0.094098 -0.233500 
0.134219 0.093792 -0.233750 
0.134650 0.093485 -0.234000 
0.135081 0.093178 -0.234250 
0.135512 0.092869 -0.234500 
0.135941 0.092559 -0.234750 
0.136371 0.092249 -0.235000 
0.136800 0.091938 -0.235250 
0.137229 0.091625 -0.235500 
0.137657 0.091312 -0.235750 
0.138085 0.090998 -0.236000 
0.138512 0.090683 -0.236250 
0.138939 0.090367 -0.236500 
0.139366 0.090051 -0.236750 
0.139792 0.089733 -0.237000 
0.140218 0.089414 -0.237250 
0.140643 0.089095 -0.237500 
0.141068 0.088774 -0.237750 
0.141492 0.088453 -0.238000 
0.141916 0.088131 -0.238250 
0.142340 0.087808 -0.238500 
0.142763 0.087484 -0.238750 
0.143186 0.087159 -0.239000 
0.143608 0.086833 -0.239250 
0.144030 0.086506 -0.239500 
0.144451 0.086179 -0.239750 
0.144872 0.085850 -0.240000 
0.145293 0.085521 -0.240250 
0.145713 0.085191 -0.240500 
0.146132 0.084859 -0.240750 
0.146551 0.084527 -0.241000 
0.146970 0.084194 -0.241250 
0.147388 0.083861 -0.241500 
0.147806 0.083526 -0.241750 
0.148223 0.083190 -0.242000 
0.148640 0.082854 -0.242250 
0.149056 0.082516 -0.242500 
0.149472 0.082178 -0.242750 
0.149887 0.081839 -0.243000 
0.150302 0.081499 -0.243250 
0.150717 0.081158 -0.243500 
0.151131 0.080816 -0.243750 
0.151544 0.080474 -0.244000 
0.151957 0.080130 -0.244250 
0.152370 0.079786 -0.244500 
0.152782 0.079441 -0.244750 
0.153193 0.079094 -0.245000 
0.153604 0.078747 -0.245250 
0.154015 0.078399 -0.245500 
0.154425 0.078051 -0.245750 
0.154835 0.077701 -0.246000 
0.155244 0.077351 -0.246250 
0.155652 0.076999 -0.246500 
0.156060 0.076647 -0.246750 
0.156468 0.076294 -0.247000 
0.156875 0.075940 -0.247250 
0.157282 0.075585 -0.247500 
0.157688 0.075229 -0.247750 
0.158093 0.074873 -0.248000 
0.158498 0.074515 -0.248250 
0.158903 0.074157 -0.248500 
0.159307 0.073798 -0.248750 
0.159710 0.073438 -0.249000 
0.160113 0.073077 -0.249250 
0.160516 0.072715 -0.249500 
0.160918 0.072353 -0.249750 
0.161319 0.071989 -0.250000 
0.161720 0.071625 -0.250250 
0.162121 0.071260 -0.250500 
0.162520 0.070894 -0.250750 
0.162920 0.070527 -0.251000 
0.163319 0.070160 -0.251250 
0.163717 0.069791 -0.251500 
0.164114 0.069422 -0.251750 
0.164512 0.069051 -0.252000 
0.164908 0.068680 -0.252250 
0.165304 0.068309 -0.252500 
0.165700 0.067936 -0.252750 
0.166095 0.067562 -0.253000 
0.166490 0.067188 -0.253250 
0.166883 0.066813 -0.253500 
0.167277 0.066437 -0.253750 
0.167670 0.066060 -0.254000 
0.168062 0.065682 -0.254250 
0.168454 0.065303 -0.254500 
0.168845 0.064924 -0.254750 
0.169235 0.064544 -0.255000 
0.169625 0.064163 -0.255250 
0.170015 0.063781 -0.255500 
0.170404 0.063398 -0.255750 
0.170792 0.063015 -0.256000 
0.171180 0.062630 -0.256250 
0.171567 0.062245 -0.256500 
0.171954 0.061859 -0.256750 
0.172340 0.061472 -0.257000 
0.172726 0.061085 -0.257250 
0.173110 0.060696 -0.257500 
0.173495 0.060307 -0.257750 
0.173879 0.059917 -0.258000 
0.174262 0.059526 -0.258250 
0.174644 0.059134 -0.258500 
0.175026 0.058742 -0.258750 
0.175408 0.058348 -0.259000 
0.175789 0.057954 -0.259250 
0.176169 0.057559 -0.259500 
0.176549 0.057163 -0.259750 
0.176928 0.056767 -0.260000 
0.177306 0.056370 -0.260250 
0.177684 0.055971 -0.260500 
0.178061 0.055572 -0.260750 
0.178438 0.055173 -0.261000 
0.178814 0.054772 -0.261250 
0.179190 0.054371 -0.261500 
0.179564 0.053969 -0.261750 
0.179939 0.053566 -0.262000 
0.180312 0.053162 -0.262250 
0.180685 0.052757 -0.262500 
0.181058 0.052352 -0.262750 
0.181430 0.051946 -0.263000 
0.181801 0.051539 -0.263250 
0.182171 0.051131 -0.263500 
0.182541 0.050723 -0.263750 
0.182911 0.050313 -0.264000 
0.183280 0.049903 -0.264250 
0.183648 0.049493 -0.264500 
0.184015 0.049081 -0.264750 
0.184382 0.048669 -0.265000 
0.184748 0.048255 -0.265250 
0.185114 0.047841 -0.265500 
0.185479 0.047427 -0.265750 
0.185843 0.047011 -0.266000 
0.186207 0.046595 -0.266250 
0.186570 0.046178 -0.266500 
0.186932 0.045760 -0.266750 
0.187294 0.045342 -0.267000 
0.187655 0.044922 -0.267250 
0.188016 0.044502 -0.267500 
0.188376 0.044081 -0.267750 
0.188735 0.043660 -0.268000 
0.189093 0.043237 -0.268250 
0.189451 0.042814 -0.268500 
0.189808 0.042390 -0.268750 
0.190165 0.041965 -0.269000 
0.190521 0.041540 -0.269250 
0.190876 0.041114 -0.269500 
0.191231 0.040687 -0.269750 
0.191585 0.040259 -0.270000 
0.191938 0.039831 -0.270250 
0.192291 0.039402 -0.270500 
0.192643 0.038972 -0.270750 
0.192994 0.038541 -0.271000 
0.193345 0.038109 -0.271250 
0.193695 0.037677 -0.271500 
0.194044 0.037244 -0.271750 
0.194393 0.036811 -0.272000 
0.194741 0.036376 -0.272250 
0.195088 0.035941 -0.272500 
0.195435 0.035505 -0.272750 
0.195781 0.035069 -0.273000 
0.196126 0.034631 -0.273250 
0.196470 0.034193 -0.273500 
0.196814 0.033755 -0.273750 
0.197158 0.033315 -0.274000 
0.197500 0.032875 -0.274250 
0.197842 0.032434 -0.274500 
0.198183 0.031992 -0.274750 
0.198524 0.031550 -0.275000 
0.198863 0.031106 -0.275250 
0.199202 0.030663 -0.275500 
0.199541 0.030218 -0.275750 
0.199878 0.029773 -0.276000 
0.200215 0.029327 -0.276250 
0.200552 0.028880 -0.276500 
0.200887 0.028432 -0.276750 
0.201222 0.027984 -0.277000 
0.201556 0.027535 -0.277250 
0.201890 0.027086 -0.277500 
0.202223 0.026636 -0.277750 
0.202555 0.026185 -0.278000 
0.202886 0.025733 -0.278250 
0.203217 0.025280 -0.278500 
0.203546 0.024827 -0.278750 
0.203876 0.024374 -0.279000 
0.204204 0.023919 -0.279250 
0.204532 0.023464 -0.279500 
0.204859 0.023008 -0.279750 
0.205185 0.022551 -0.280000 
0.205511 0.022094 -0.280250 
0.205836 0.021636 -0.280500 
0.206160 0.021178 -0.280750 
0.206483 0.020718 -0.281000 
0.206806 0.020258 -0.281250 
0.207128 0.019797 -0.281500 
0.207449 0.019336 -0.281750 
0.207770 0.018874 -0.282000 
0.208090 0.018411 -0.282250 
0.208409 0.017948 -0.282500 
0.208727 0.017484 -0.282750 
0.209044 0.017019 -0.283000 
0.209361 0.016554 -0.283250 
0.209677 0.016087 -0.283500 
0.209993 0.015621 -0.283750 
0.210307 0.015153 -0.284000 
0.210621 0.014685 -0.284250 
0.210934 0.014216 -0.284500 
0.211247 0.013747 -0.284750 
0.211558 0.013277 -0.285000 
0.211869 0.012806 -0.285250 
0.212179 0.012334 -0.285500 
0.212488 0.011862 -0.285750 
0.212797 0.011390 -0.286000 
0.213105 0.010916 -0.286250 
0.213412 0.010442 -0.286500 
0.213718 0.009967 -0.286750 
0.214024 0.009492 -0.287000 
0.214329 0.009016 -0.287250 
0.214633 0.008539 -0.287500 
0.214936 0.008062 -0.287750 
0.215238 0.007584 -0.288000 
0.215540 0.007106 -0.288250 
0.215841 0.006626 -0.288500 
0.216141 0.006147 -0.288750 
0.216441 0.005666 -0.289000 
0.216739 0.005185 -0.289250 
0.217037 0.004703 -0.289500 
0.217334 0.004221 -0.289750 
0.217631 0.003738 -0.290000 
0.217926 0.003254 -0.290250 
0.218221 0.002770 -0.290500 
0.218515 0.002285 -0.290750 
0.218808 0.001799 -0.291000 
0.219101 0.001313 -0.291250 
0.219392 0.000827 -0.291500 
0.219683 0.000339 -0.291750 
0.219973 -0.000149 -0.292000 
0.220262 -0.000637 -0.292250 
0.220551 -0.001127 -0.292500 
0.220839 -0.001616 -0.292750 
0.221125 -0.002107 -0.293000 
0.221412 -0.002598 -0.293250 
0.221697 -0.003090 -0.293500 
0.221981 -0.003582 -0.293750 
0.222265 -0.004075 -0.294000 
0.222548 -0.004568 -0.294250 
0.222830 -0.005062 -0.294500 
0.223111 -0.005557 -0.294750 
0.223392 -0.006052 -0.295000 
0.223672 -0.006548 -0.295250 
0.223951 -0.007044 -0.295500 
0.224229 -0.007541 -0.295750 
0.224506 -0.008039 -0.296000 
0.224782 -0.008537 -0.296250 
0.225058 -0.009036 -0.296500 
0.225333 -0.009535 -0.296750 
0.225607 -0.010035 -0.297000 
0.225880 -0.010536 -0.297250 
0.226153 -0.011037 -0.297500 
0.226424 -0.011539 -0.297750 
0.226695 -0.012041 -0.298000 
0.226965 -0.012544 -0.298250 
0.227234 -0.013047 -0.298500 
0.227502 -0.013551 -0.298750 
0.227770 -0.014056 -0.299000 
0.228036 -0.014561 -0.299250 
0.228302 -0.015067 -0.299500 
0.228567 -0.015573 -0.299750 
0.228831 -0.016080 -0.300000 
